0.490470529585459  0.0074586800628907435
0.5209571653180969  0.010350116961306943
0.5462877422458667  0.01570279626421056
0.5817944758006888  0.021471725344870296
0.6020526622206268  0.026000271921965523
0.6222690144920466  0.03217150606420849
0.6475577572712987  0.03916687293226018
0.667826402228366  0.043284747618068276
0.6981666184411905  0.051925590994502335
0.7031239650405972  0.05726711452446781
0.7131432436107057  0.06384344267152875
0.7333805129563848  0.0691933330311979
0.7535341140050271  0.07782859852116292
0.7736563394422817  0.08769587968498888
0.7988614139244967  0.09797662168333648
0.818931346676103  0.10989726230359748
0.8542289094883342  0.12387962920999701
0.8742674666285517  0.13703228550411894
0.8891917991124194  0.1510034966375804
0.9091676050298594  0.16662018427942427
0.9393614017228697  0.1810104341338763
0.9694715301188437  0.19868605911862425
0.9945092680069865  0.2155375513775637
1.0145269080729455  0.22951155145425967
1.039721524018031  0.24020296534389418
1.0546772321132873  0.2529421608034946
1.0849756141775935  0.2632256917450767
1.0998999466614612  0.2771969028785381
1.1099715179172176  0.28171987156916406
1.1149393230537539  0.2866507232078426
1.1300205335945652  0.2944618559719991
1.1500800078090412  0.30679316848354704
1.1550373544084482  0.3121346920135125
1.1650880085899453  0.3174790044867125
1.1903035416092902  0.32734907459377305
1.210509435343581  0.3339309806273031
1.225538353198744  0.3437954728478946
1.2405568125167774  0.35407063695977303
1.2657095943133452  0.36640473841455556
1.2858004441392106  0.3775040352522425
1.3160256164436095  0.3906622694328336
1.3614261261229859  0.40793558935599816
1.3765596293494446  0.41369336266371975
1.3967968986951236  0.41904325302338885
1.4170237095036733  0.4248038152743449
1.4270534466109115  0.4309694715301189
1.4675279853022694  0.4416692522494571
1.4877652546479487  0.4470191426091262
1.507992065456498  0.4527797048600823
1.523167402831475  0.4568947906026558
1.568777083253442  0.4659546727000806
1.5992323433746913  0.4700781252723578
1.6195219054060181  0.47337465617559193
1.6397591747516975  0.47872454653526103
1.6702353519472057  0.48202665532496425
1.7159600762775982  0.4865691466182321
1.7464885461587534  0.4878178959515003
1.7770065575027807  0.4894773171760556
1.8075350273839363  0.4907260665093238
1.8380948728764814  0.4907428001687311
1.8737689430253763  0.48994097898879896
1.919650545412712  0.4883233919127619
2.006404110902328  0.48180005368715734
2.05748360624305  0.4760785366414849
2.0983241937339425  0.4724048011657783
2.1391543226877046  0.4691417375813588
2.195337584147647  0.4630123375876339
2.2464693721740163  0.4552374610855265
2.3435559723476276  0.4429702942683731
2.3946982189111266  0.43478474587497873
2.46109947114664  0.4274289080938619
2.502044644008828  0.4196484537052855
2.558322032302936  0.4098230066899776
2.5992672051651233  0.4020425523014011
2.6555550519963607  0.39180643339480636
2.721998138380391  0.3828079080485416
2.7731822190924076  0.3729796720899992
2.8243558412672956  0.3635621080227439
2.8604273358271133  0.347154754973906
2.9114022457965394  0.3455399568411035
2.9728566099697753  0.3324319236387343
3.0340390521776417  0.3300013596098269
3.06985954184635  0.3234501319518768
3.1567804439300398  0.31035604346568035
3.1979034119234298  0.295594166925225
3.2591067712055555  0.2923422591137436
3.3102071836205367  0.28579939828549716
3.3561933713791667  0.2800750922965902
3.402200476212058  0.27352944252510925
3.4481448298221693  0.26944782410135026
3.4839653194908777  0.2628965964434002
3.514640208891848  0.25839593929865057
3.550397947337779  0.25430874298842243
3.6321418735423414  0.24449724068928735
3.6985222087035945  0.23796274669074463
3.7445293135364848  0.2314170969192636
3.7853594424902477  0.22815403333484408
3.8058372581899063  0.22405847019491237
3.8518129874114075  0.21874483609729234
3.8977677995586486  0.21425254578224634
3.9488159192879824  0.20976304441043486
3.9895728384818385  0.2093746840650243
4.04576655847891  0.20283461218001242
4.076430989342751  0.1987446269265497
4.1223753429528625  0.19466300850279072
4.173454838293584  0.1889414914571183
4.234679114649969  0.1848682398630629