0.06476299567736565  0.04207619785867872
0.08024894032492624  0.04941011215151686
0.10724380796737454  0.05674254524448441
0.1420149749306927  0.06947938293213396
0.16898021857572787  0.07526741829331213
0.20389950552611014  0.09572624463990803
0.23857439449783646  0.1034437896992424
0.2770633731364658  0.11000254272644461
0.3040656467782672  0.11772107525235942
0.3308605524381789  0.11462882365574939
0.35017539875134873  0.12157614478235002
0.3809399200645809  0.12543318924550145
0.4270422660383091  0.12890215934254473
0.46161347101909045  0.1312143123406168
0.47306314601915234  0.12812403567716757
0.5076269450005806  0.13005008924229222
0.5613204403113485  0.12927097811033456
0.6188428372877259  0.1281052738121395
0.6572281319354101  0.12925863477807925
0.6994052982519376  0.1280949054130449
0.7224675802378315  0.13040853961098747
0.7493069218938624  0.1296328846120614
0.783878126874644  0.13194503761013338
0.8260923231879373  0.13271180540983568
0.8683139255005841  0.1338646726424852
0.9527941601226435  0.13810090427252103
1.029601779414778  0.1423381233691372
1.1026175270380696  0.14889243279672754
1.1794399583289104  0.15390185075923835
1.2869750689375103  0.16006561715426942
1.3984353592033116  0.17086208301137806
1.513709739136016  0.18049975683635455
1.6327759907375627  0.18782034033035688
1.732638486016239  0.1939850941919684
1.8516603016216666  0.19898908108828683
1.9707191472238614  0.20592356514934193
2.08967430883511  0.20745265714913447
2.2163243037743436  0.2101390599811887
2.3430187347096973  0.21514205941092676
2.469609481654105  0.21473966677940237
2.6114639932654775  0.21008820545229667
2.738062146209239  0.21007191225371957
2.8722810724874526  0.20735193555793086
3.0064629687689  0.2027014616974056
3.125344070386617  0.20036955936772502
3.25568225300375  0.1953334798075427
3.5125519345704634  0.18680621215225737
3.673580578507296  0.1817661827257532
3.811621000451765  0.17827351343077974
3.9457954907338606  0.17323694013730712
4.045450618030646  0.16859090987639375
4.156659104318438  0.16625999501329364
4.260224599273718  0.16547446534856325
4.260217193274364  0.16508836591561582
4.3675227179030145  0.1592830498892801