0.30388692579505294  0.16483826482065983
0.3286219081272084  0.14811815449618349
0.34982332155477036  0.14242923430957083
0.36749116607773846  0.13709534767719184
0.38869257950530023  0.13211817126282116
0.4134275618374559  0.1196685235717968
0.44522968197879864  0.1100675276335148
0.46996466431095407  0.09904136748697434
0.5017667844522966  0.0919314747515394
0.5335689045936396  0.0862450695605883
0.5547703180212014  0.07948853371561265
0.5936395759717314  0.07344793330231503
0.6289752650176679  0.06811823832937214
0.6749116607773851  0.06421454589657499
0.7349823321554769  0.0592465911329636
0.8127208480565371  0.05819741877611917
0.8939929328621907  0.06141954738461408
0.9787985865724378  0.06393077055275409
1.0388692579505299  0.06999484425889357
1.137809187279152  0.07891511470476037
1.2473498233215545  0.0860585407156838
1.321554770318021  0.09532881472446125
1.41696113074205  0.10353650306619883
1.5371024734982333  0.11566465047847785
1.6678445229681975  0.12637182534193458
1.81625441696113  0.13637144809258528
1.9575971731448762  0.14850462549618765
2.11660777385159  0.15637153192577408
2.289752650176678  0.16459766356903033
2.5159010600706715  0.17425985773507868
2.7279151943462896  0.17431015764831137
2.978798586572438  0.1733020635539404
3.2296819787985864  0.16410891607878653
3.455830388692579  0.16095972234447903
3.6749116607773846  0.15602949251579207